30568
31690
22101
30475
3477
739
20327
7942
8533
21719
8498
1262
18177
8678
13066
19096
20908
1835
10923
18336
8208
30661
16589
23471
13767
16693
17401
13818
29887
12039
15770
13835
2792
4533
27991
18884
26671
11464
3744
27809
20656
20544
7303
11325
24359
8502
2002
22040
2984
21952
4942
12951
2705
26645
19046
29004
6076
1265
17907
10872
505
14651
13142
6606
2747
8934
20933
30330
28177
10517
23010
3170
9944
32642
914
31404
17200
31008
7692
15232
23852
28159
28208
22799
3022
14448
18203
29652
24626
3435
4344
32281
17161
13357
12824
20670
17993
24869
3654
32054
16163
14353
4180
210
15414
14693
29178
15682
11266
7916
13793
23129
18335
27569
2042
29968
5550
13088
30740
16334
6545
23401
17070
30694
727
24357
7177
21601
28922
21052
12674
20991
8013
11782
21791
120
3376
10416
1896
13575
30342
7138
21368
17961
12393
16030
12627
13475
15900
13932
25210
26050
12864
17332
31933
21222
12363
3435
5969
21058
8759
20465
20002
23773
30327
29498
3946
30172
31279
19501
26499
5892
9124
3401
16122
18043
24818
10894
16100
14798
16125
13467
20341
10808
31913
28436
25806
15906
24142
9798
3607
11238
21862
2062
31438
31192
20617
1014
27230
32647
18332
30370
14836
3136
22597
9323
1166
22228
1697
18249
2389
6811
30266
13302
19500
1465
12083
23120
9353
23712
17350
9472
11907
30423
27121
31833
21037
30969
23915
28802
21795
28672
7645
20184
10850
12739
23887
9870
29789
9918
13024
150
27981
24850
26043
20165
10696
9420
25670
22066
27029
17770
15261
6367
27327
31900
9022
667
29416
7751
28934
23846
736
19919
2396
20375
26742
6294
8108
27899
8846
6592
23319
5695
19316
2874
13160
13136
32112
26618
6730
1920
26011
904
17593
9516
30960
15037
10423
17563
32678
8650
832
554
27326
21373
31359
18342
10200
17856
12354
25850
26442
18275
22700
7178
2163
2843
10537
9182
8269
25546
13223
26371
20034
5632
516
302
21313
25282
1474
16419
7952
12171
12290
11221
18404
28561
17840
22991
8239
12873
17403
4050
24249
31533
26888
31168
3314
18109
13543
30392
12167
24772
30406
16771
23859
28636
14948
30767
14296
23092
10697
18169
31694
26513
14133
14961
6522
17555
9046
31960
3363
19258
13245
717
26882
13480
11667
27433
17816
6185
26760
5671
3141
23408
3597
14280
20501
30756
22723
26997
10461
15003
26675
32486
17543
24037
31935
8772
8874
10508
12248
31626
11870
29082
31858
26417
10830
10076
11189
12
8974
19814
31222
113
23471
1111
2021
16025
26769
2526
27656
18505
27769
20861
30824
25010
11235
6797
2186
27543
27290
10115
27552
29869
18309
31345
16129
31303
2756
15056
19671
7218
6652
10364
17175
18398
1774
16384
22199
7871
27727
29716
10011
7155
3283
8292
30160
15653
26764
6547
1660
12977
15474
32384
15125
23305
8259
11976
16466
3415
13965
2700
24159
30564
8968
24436
16853
4792
15146
9971
20713
29955
9462
31181
24804
32699
22549
23767
24531
13063
13607
19198
18047
10204
10075
8331
26271
30053
1085
19366
26957
1449
7632
26136
4535
7528
15069
7253