30528
1013
4339
3859
10775
19154
15746
10301
7002
29959
10273
733
14655
6730
8904
7647
26772
10108
21723
30952
2294
8729
251
4832
2372
15059
23842
12718
8275
29562
12527
22338
32227
23583
11838
2009
2002
11129
14332
17788
30608
13960
2874
25802
27603
2935
32383
7928
17036
13255
19299
1302
20249
25002
5721
14484
16572
3245
10445
3332
19788
16794
4463
30497
29738
10653
7886
27921
28023
3237
26664
7143
6532
21261
22656
5740
1162
19068
28658
24863
21148
12810
12100
32634
10201
20900
25021
26231
24806
8369
14650
30803
12188
16373
28798
28050
28669
19126
26570
20291
18797
17182
28589
26245
28703
7649
13854
17738
6861
12576
2504
19547
172
2700
26533
21149
29599
28878
1742
20882
27306
5159
22162
15138
4266
12883
8901
23708
11076
12724
21082
29432
28188
30636
29749
21599
3655
32331
3642
21229
10754
27946
25258
15541
22692
14742
8111
7429
30417
4593
11573
8940
753
6230
3324
20730
7648
12412
235
23111
999
25821
27560
20662
4588
10007
8037
2171
10981
28562
3837
21723
4499
99
5439
563
2668
20336
18057
12604
23001
23509
154
30605
29345
29319
11425
26978
26789
9783
26521
28827
31695
32378
1241
5384
20293
8742
7911
6627
8418
255
10894
5278
5350
16531
16432
24800
27116
28770
3933
5578
10525
18754
12451
24702
9892
31746
18856
26594
26209
21326
14199
7585
14562
11474
13080
8307
9359
3491
9315
5023
28452
21978
5909
4030
23397
22402
1572
4289
28429
21684
29008
1333
21767
10496
28923
25286
12256
8719