30381
8855
19651
2354
5371
6291
6757
10956
17644
11711
16929
31519
1445
15809
26065
13865
32378
173
4876
20918
12884
215
12712
16855
598
8934
15229
24976
17344
29738
8556
21457
27923
13104
417
28839
7798
18067
4884
4788
2392
5652
27222
22749
31575
31213
31626
12354
4192
13411
32177
14963
20504
10651
4908
25569
14971
18862
23419
16018
1987
24831
21067
29977
8076
17101
8112
27078
2869
516
15791
22042
26505
11353
5887
32381
6559
15253
784
20019
19198
12593
17229
28557
28933
4132
26015
13404
25483
10489
12338
25259
18114
27684
31355
14766
19553
13974
6010
17141