326448
97187
72658
02723
12227
60430
60671
87886
14061
92776
48001
59487
0252
6478
1681
7613
568
12
55095
58464
65216
77011
19594
34767
57701
76863
70980
54862
8664
4091
1436
8925
5408
7165
65
1712
1770
4472
2
600
566
43
98
97
87
763087
14207
14929
31117
99654
42439
77273
45530
41808
61692
27732
09767
3387
5810
6451
8553
080
26
149641
50019
28520
33347
71549
27563
10811
63974
5821
82905
78904
71558
0987
8833
8476
7197
932
79
468007
78646
17074
81013
25109
76932
44016
31386
84419
12864
04408
41985
7280
9969
3911
4114
322
16
921507
82246
36922
29848
86240
31390
29125
70699
99817
41187
60157
0794
7665
2174
9118
2720
881
97
2259
2
3
4
5
1
6
7
9
10
43
98
97
87
454
95
862
664
36
8971
4105
2935
19088
12931
17098
189
256
188
5
254
14
21
187
26
245
34
36
39
241
49
54
54
237
185
78
234
102
116
231
135
229
151
184
226
181
224
236
242
251
253
219
261
217
294
300
214
182
344
347
374
209
389
207
180
442
444
179
202
464
177
14
159
265
3589
79323
8462
643
3832
795
02
884
197
16939
937
510
582
09
749
445
9230
781
6406
286
2089
986
28
03482
53
421
170679
8214
8086
513
282
3066
4709
3844
60955
0582
23172
535
94
081
2848
1
1174
502
841
027
019
385
211
0555
964
462
2948
954
9303
8
1964
42881
097
56
659
334
4
612
847
564
823
378
678
316
527
1201
909
145
64
856
69
2346
03
48610
4543
26
648
213
3936
07260
24914
12
7372
45870
06606
31558
817
48815
209
20962
829
254
091
715
36436
78925
90
36001
1330
53054
8
82046
6521
3841
46
95194
1511
6094
33057
270365
75
95919
53092
1
8611
7381
93261
17
9310
51
185
480
74462
379
9627
49567
3518
85752
724
891
22793
81
8301
19
4912
9833
673
36
244
0656
6430
86021
39494
63952
24737
190
7021
79860
94370
27705
39217
176
2931
7675
2384
6748
1846
7669
4051
3200
0568
1271
45263
56082
7
7857
71342
757
789
609
173
637
178
721
468
440
901
224
542
019
95611
2129
02196
086
403
4418
1598
1362
9774
7713
0996
0518
7072
1134
9999
9983
7297
8049
951
059731
7328
16
0963
18595
02445
94553
46908
30264
25223
08253
34468
50352
61931
18817
1010
003
1378
3875
2886
5875
3320
8381
4206
1717
76691
47303
5982
534
904
287
554
687
311
595
628
638
82
353
787
593
751
957
781
8577
8053
2171
2268
0661
3001
9278
76611
19590
921
642
019893
80952
5
72
10
654
858
632
788
659
361
533
818
279
682
303
019
520
353
018
529
2834
791315
166
10
2135
9695
362314
429
524
849
65
3718
7110
1457
6540
3590
2799
3440
3742