55095
58464
65216
77011
19594
34767
57701
76863
70980
54862
8664
4091
1436
8925
5408
7165
65
1712
1770
4472
2
600
566
43
98
97
87
763087
14207
14929
31117
99654
42439
77273
45530
41808
61692
27732
09767
3387
5810
6451
8553
080
26
149641
50019
28520
33347
71549
27563
10811
63974
5821
82905
78904
71558
0987
8833
8476
7197
932
79
468007
78646
17074
81013
25109
76932
44016
31386
84419
12864
04408
41985
7280
9969
3911
4114
322
16
921507
82246
36922
29848
86240
31390
29125
70699
99817
41187
60157
0794
7665
2174
9118
2720
881
97
2259